<?xml version="1.0"?>
<opencv_storage>
<calibrationDate>"Sun Oct 10 16:29:49 2021"</calibrationDate>
<framesCount>29</framesCount>
<cameraResolution>
  1920 1080</cameraResolution>
<cameraMatrix type_id="opencv-matrix">
  <rows>3</rows>
  <cols>3</cols>
  <dt>d</dt>
  <data>
    1.4695190683530918e+03 0. 9.4800685320085850e+02 0.
    1.4807673087614864e+03 5.7366018981673680e+02 0. 0. 1.</data></cameraMatrix>
<cameraMatrix_std_dev type_id="opencv-matrix">
  <rows>4</rows>
  <cols>1</cols>
  <dt>d</dt>
  <data>
    0. 1.8390897483985235e+01 4.9795155412210459e+00
    5.5464984166225326e+00</data></cameraMatrix_std_dev>
<dist_coeffs type_id="opencv-matrix">
  <rows>1</rows>
  <cols>5</cols>
  <dt>d</dt>
  <data>
    8.3571272242959280e-02 -7.8072016961824930e-01 2.3902569510033194e-04 -5.0078178473921840e-03 1.0622615239569670e+00</data></dist_coeffs>
<dist_coeffs_std_dev type_id="opencv-matrix">
  <rows>5</rows>
  <cols>1</cols>
  <dt>d</dt>
  <data>
    1.2370831283282813e-02 0. 0. 0. 7.8882690649474521e-02</data></dist_coeffs_std_dev>
<avg_reprojection_error>4.8677611488489964e-01</avg_reprojection_error>
<vidpid>"1bcf:2281"</vidpid>
</opencv_storage>
